0 527.89083458 20.7831149465
1 527.89083458 20.7831149465
2 527.89083458 20.7831149465
3 527.89083458 20.7831149465
4 527.89083458 20.7831149465
5 527.89083458 20.7831149465
6 477.49110458 18.7988725364
7 350.196228577 13.7872605387
8 450.812329934 17.7485265107
9 296.796167402 11.6848947902
10 477.49110458 18.7988725364
11 350.196228577 13.7872605387
12 450.812329934 17.7485265107
13 296.796167402 11.6848947902
14 477.49110458 18.7988725364
15 350.196228577 13.7872605387
16 450.812329934 17.7485265107
17 296.796167402 11.6848947902
18 500.27770637 19.6959833275
19 500.27770637 19.6959833275
20 500.27770637 19.6959833275
21 500.27770637 19.6959833275
22 500.27770637 19.6959833275
23 500.27770637 19.6959833275
24 465.492068912 18.3264693023
25 342.87038801 13.498841463
26 438.144258178 17.2497832589
27 291.740726502 11.4858615765
28 465.492068912 18.3264693023
29 342.87038801 13.498841463
30 438.144258178 17.2497832589
31 291.740726502 11.4858615765
32 465.492068912 18.3264693023
33 342.87038801 13.498841463
34 438.144258178 17.2497832589
35 291.740726502 11.4858615765
36 472.932744129 18.6194094296
37 472.932744129 18.6194094296
38 472.932744129 18.6194094296
39 472.932744129 18.6194094296
40 472.932744129 18.6194094296
41 472.932744129 18.6194094296
42 453.954803723 17.8722460181
43 335.766423349 13.2191576639
44 425.930303819 16.7689186544
45 287.026290299 11.3002537517
46 453.954803723 17.8722460181
47 335.766423349 13.2191576639
48 425.930303819 16.7689186544
49 287.026290299 11.3002537517
50 453.954803723 17.8722460181
51 335.766423349 13.2191576639
52 425.930303819 16.7689186544
53 287.026290299 11.3002537517
54 445.90122453 17.5551757999
55 445.90122453 17.5551757999
56 445.90122453 17.5551757999
57 445.90122453 17.5551757999
58 445.90122453 17.5551757999
59 445.90122453 17.5551757999
60 442.912406638 17.4375057406
61 328.897153013 12.9487138038
62 414.207102961 16.3073750643
63 282.667806197 11.1286597968
64 442.912406638 17.4375057406
65 328.897153013 12.9487138038
66 414.207102961 16.3073750643
67 282.667806197 11.1286597968
68 442.912406638 17.4375057406
69 328.897153013 12.9487138038
70 414.207102961 16.3073750643
71 282.667806197 11.1286597968
72 419.238500128 16.5054616739
73 419.238500128 16.5054616739
74 419.238500128 16.5054616739
75 419.238500128 16.5054616739
76 419.238500128 16.5054616739
77 419.238500128 16.5054616739
78 432.399581734 17.0236147728
79 322.27592767 12.6880355
80 403.013616854 15.8666863969
81 278.679879265 10.9716547147
82 432.399581734 17.0236147728
83 322.27592767 12.6880355
84 403.013616854 15.8666863969
85 278.679879265 10.9716547147
86 432.399581734 17.0236147728
87 322.27592767 12.6880355
88 403.013616854 15.8666863969
89 278.679879265 10.9716547147
90 393.012701892 15.4729493748
91 393.012701892 15.4729493748
92 393.012701892 15.4729493748
93 393.012701892 15.4729493748
94 393.012701892 15.4729493748
95 393.012701892 15.4729493748
96 422.452446351 16.6319950581
97 315.916590959 12.4376677777
98 392.390986298 15.4484723696
99 275.076580253 10.8297924722
100 422.452446351 16.6319950581
101 315.916590959 12.4376677777
102 392.390986298 15.4484723696
103 275.076580253 10.8297924722
104 422.452446351 16.6319950581
105 315.916590959 12.4376677777
106 392.390986298 15.4484723696
107 275.076580253 10.8297924722
108 367.308237088 14.460962025
109 367.308237088 14.460962025
110 367.308237088 14.460962025
111 367.308237088 14.460962025
112 367.308237088 14.460962025
113 367.308237088 14.460962025
114 413.108257952 16.2641134264
115 309.833425152 12.1981729316
116 382.382283387 15.0544287352
117 271.871241191 10.7035979528
118 413.108257952 16.2641134264
119 309.833425152 12.1981729316
120 382.382283387 15.0544287352
121 271.871241191 10.7035979528
122 413.108257952 16.2641134264
123 309.833425152 12.1981729316
124 382.382283387 15.0544287352
125 271.871241191 10.7035979528
126 342.230297072 13.4736410188
127 342.230297072 13.4736410188
128 342.230297072 13.4736410188
129 342.230297072 13.4736410188
130 342.230297072 13.4736410188
131 342.230297072 13.4736410188
132 404.405051374 15.9214673131
133 304.041079916 11.9701277204
134 373.032141101 14.6863126984
135 269.076243706 10.5935586223
136 404.405051374 15.9214673131
137 304.041079916 11.9701277204
138 373.032141101 14.6863126984
139 269.076243706 10.5935586223
140 404.405051374 15.9214673131
141 304.041079916 11.9701277204
142 373.032141101 14.6863126984
143 269.076243706 10.5935586223
144 317.910603363 12.5161722455
145 317.910603363 12.5161722455
146 317.910603363 12.5161722455
147 317.910603363 12.5161722455
148 317.910603363 12.5161722455
149 317.910603363 12.5161722455
150 396.381179618 15.6055666797
151 298.554482572 11.7541198343
152 364.386243362 14.3459228398
153 266.70280639 10.5001161579
154 396.381179618 15.6055666797
155 298.554482572 11.7541198343
156 364.386243362 14.3459228398
157 266.70280639 10.5001161579
158 396.381179618 15.6055666797
159 298.554482572 11.7541198343
160 364.386243362 14.3459228398
161 266.70280639 10.5001161579
162 294.514573674 11.595068217
163 294.514573674 11.595068217
164 294.514573674 11.595068217
165 294.514573674 11.595068217
166 294.514573674 11.595068217
167 294.514573674 11.595068217